<?xml version="1.0" standalone="no"?>
<!DOCTYPE svg PUBLIC "-//W3C//DTD SVG 20010904//EN"
 "http://www.w3.org/TR/2001/REC-SVG-20010904/DTD/svg10.dtd">
<svg version="1.0" xmlns="http://www.w3.org/2000/svg"
 width="1280.000000pt" height="724.000000pt" viewBox="0 0 1280.000000 724.000000"
 preserveAspectRatio="xMidYMid meet">
<g transform="translate(0.000000,724.000000) scale(0.100000,-0.100000)"
fill="#9e9e9e" stroke="none">
<path d="M4034 5884 c-21 -15 -50 -35 -63 -45 -17 -14 -40 -19 -87 -19 l-63 0
5 -29 c6 -29 5 -29 -52 -41 -427 -86 -912 -256 -1369 -480 -804 -393 -1498
-1040 -1820 -1695 -161 -327 -222 -588 -212 -905 9 -300 75 -519 236 -789 103
-172 190 -265 334 -359 294 -190 758 -262 1275 -197 873 109 1842 562 2603
1215 150 129 410 396 522 535 195 243 367 535 451 765 63 174 89 315 90 485 0
251 -23 319 -244 700 -168 291 -191 324 -281 411 -205 196 -451 296 -839 339
-98 11 -149 21 -156 31 -7 9 -30 14 -67 14 -50 0 -63 5 -121 45 -37 25 -75 45
-85 45 -10 0 -36 -12 -57 -26z m601 -999 c192 -33 345 -91 421 -157 35 -31 36
-34 29 -82 -34 -263 -201 -606 -442 -906 -156 -195 -439 -465 -673 -641 -498
-377 -1035 -636 -1571 -758 -280 -64 -386 -75 -694 -75 -249 -1 -293 2 -395
22 -170 32 -187 39 -235 87 -199 198 -126 546 206 985 278 367 718 746 1161
1001 483 277 1047 469 1535 523 76 9 154 18 173 20 73 9 398 -4 485 -19z m289
-815 c-15 -28 -29 -48 -31 -46 -5 5 46 96 54 96 2 0 -8 -23 -23 -50z"/>
<path d="M7965 4530 c-1009 -63 -1701 -500 -1941 -1227 -74 -226 -95 -389 -70
-551 83 -546 602 -1103 1421 -1528 576 -298 1243 -492 1945 -566 166 -17 708
-17 855 0 364 44 623 113 874 233 154 73 270 151 372 247 176 166 228 267 333
652 109 401 120 477 91 656 -49 305 -221 593 -531 894 -394 382 -937 695
-1622 936 -401 141 -838 228 -1277 254 -186 11 -269 11 -450 0z m375 -785
c650 -65 1240 -260 1785 -588 251 -152 431 -291 620 -481 151 -152 245 -275
306 -400 57 -117 50 -156 -30 -156 -26 0 -31 -4 -31 -24 0 -17 -9 -27 -30 -36
-38 -16 -37 -21 1 -43 25 -14 30 -22 25 -41 -5 -21 -2 -25 24 -31 17 -4 30
-10 30 -15 0 -14 -131 -97 -206 -130 -171 -77 -369 -131 -609 -167 -172 -25
-700 -25 -900 0 -763 97 -1405 333 -1928 709 -290 210 -537 460 -682 693 -49
78 -50 81 -50 160 0 71 4 89 33 147 74 151 263 272 537 343 84 22 311 59 410
68 119 11 564 6 695 -8z m2245 -2085 c-11 -5 -29 -8 -40 -8 -16 0 -15 2 5 8
34 11 60 11 35 0z"/>
</g>
</svg>
